50
0 24 1815
41 16 1888
38 23 136
22 17 213
7 2 1156
30 28 1109
19 3 1573
15 22 728
31 48 2317
0 28 1842
45 16 1624
37 18 873
29 5 2356
39 21 800
2 35 1281
12 0 2315
36 19 358
9 45 1758
2 45 1475
46 7 1998
4 38 2422
3 27 634
21 30 1361
0 1 6
13 42 174
37 33 432
26 48 146
34 21 143
12 33 894
26 28 538
3 29 1140
9 26 2289
2 10 705
21 9 1941
12 18 1857
34 24 2216
28 10 1354
8 12 1900
47 36 784
39 7 434
38 2 1295
19 43 2438
0 8 2280
49 16 216
5 41 2135
33 1 855
16 48 188
11 47 449
42 12 2197
21 5 2009
9 5 78
17 40 103
43 48 1376
0 11 1379
45 21 1551
38 27 2080
49 32 1894
38 15 1226
42 25 1474
20 4 1539
29 7 739
47 18 1739
38 21 678
1 3 847
25 33 1136
27 11 1307
38 24 352
35 29 1129
17 48 2364
39 10 147
13 33 1538
10 15 197
13 4 1266
17 35 2320
43 6 389
1 15 666
33 46 1476
3 44 886
15 28 1230
13 26 2247
49 36 2176
18 36 588
20 12 1442
9 36 1094
48 33 2086
19 20 757
38 28 1234
20 29 1694
2 25 1880
11 16 426
11 32 563
4 33 1501
34 38 1674
0 26 1461
26 47 1052
31 42 576
1 21 861
23 10 464
4 19 1493
44 15 1453
37 24 1049
30 27 2115
30 26 119
4 42 2322
3 20 817
17 9 1922
49 40 986
38 49 294
46 9 629
46 12 2041
49 5 63
10 46 2182
37 3 624
16 19 2031
41 31 1059
17 26 1312
34 48 1114
27 18 1728
46 20 1251
2 14 708
25 49 997
46 32 1760
5 38 1340
36 14 1972
15 12 2370
27 26 323
43 5 159
14 19 2273
41 30 68
14 49 60
10 0 872
20 49 963
13 10 1917
20 48 899
34 25 1070
5 37 599
47 33 1064
1 42 1039
33 6 562
1 11 1335
43 8 840
39 23 1490
12 27 792
5 18 2412
31 9 1612
45 25 1709
37 25 1603
10 24 324
32 47 275
18 35 1529
48 40 867
8 45 1420
10 26 1783
27 48 1806
9 40 723
26 2 1819
21 23 253
8 41 2223
12 1 1010
45 47 1550
40 33 2193
32 21 2059
15 37 1800
24 3 1040
29 38 208
37 21 746
12 7 2113
31 18 492
26 15 400
8 35 1268
1 27 1873
3 6 548
2 42 2305
27 21 1263
43 1 1962
16 21 1630
39 26 2286
13 41 308
0 27 555
6 21 1796
41 4 532
2 31 2015
14 24 416
15 29 2124
35 41 753
33 32 1992
5 28 1712
2 21 1802
25 21 814
49 48 1006
14 17 139
23 1 486
17 11 104
6 19 1206
1 25 998
43 30 1080
23 19 1718
15 30 2260
39 1 755
1 8 1763
11 6 2109
10 25 2413
25 12 1828
8 3 1120
44 1 2240
15 34 417
11 31 1627
30 40 1367
33 23 619
20 23 1558
9 22 2296
36 12 591
47 13 1422
15 31 2011
5 31 158
12 43 289
20 27 1299
42 7 1243
22 27 1560
9 4 1939
33 22 388
16 47 1717
25 0 640
10 14 890
40 20 478
42 34 1864
45 38 2272
23 41 791
6 45 1996
36 29 209
29 17 1135
22 23 1393
7 0 2053
43 13 756
7 45 1455
3 32 1092
31 34 947
33 18 226
10 5 618
12 29 44
33 39 1787
24 21 2136
48 46 101
21 14 1757
13 3 2394
17 5 59
22 19 112
10 1 1584
23 9 649
22 44 1333
29 49 577
33 35 2107
28 34 988
10 27 276
7 37 2252
24 6 227
8 39 607
22 16 1293
13 37 1001
24 48 1863
43 31 2034
32 1 844
41 12 1986
30 45 2196
10 37 2043
10 16 2020
11 3 149
16 46 1543
28 49 160
42 29 2342
14 30 598
17 25 18
41 28 340
32 4 900
44 38 1025
35 30 959
27 44 1220
45 35 2016
25 15 430
33 41 1990
23 12 30
9 42 476
34 17 1432
18 8 862
40 25 1665
15 16 1657
34 49 985
39 16 734
2 5 1112
22 47 1158
24 45 720
11 8 2437
19 35 1323
44 16 110
19 27 1324
15 48 1269
46 35 2415
4 12 524
37 8 1683
10 47 1534
11 41 511
42 33 1408
49 2 2237
3 39 605
41 42 1454
32 45 799
1 19 437
28 17 1290
18 25 1852
15 5 1754
20 14 1300
7 16 1588
31 3 1471
16 14 42
33 43 1441
26 7 1139
46 31 453
6 41 1381
20 15 355
27 46 581
36 42 93
37 12 1845
48 11 1874
37 44 1732
4 37 1298
1 29 938
17 23 1163
5 27 2021
16 6 55
27 31 689
0 47 1684
20 5 915
40 45 1735
38 14 2371
6 29 1403
22 6 1151
29 40 1710
45 29 493
4 8 287
46 17 1242
25 14 1046
19 15 1352
0 43 111
17 42 1260
49 6 350
40 42 1252
36 21 1521
45 3 2326
14 1 504
10 3 736
29 22 707
48 47 559
46 45 1401
48 44 2380
0 23 1075
4 27 2288
34 44 1895
10 33 1553
34 36 217
16 36 473
45 43 1099
20 16 381
9 11 1030
44 10 482
14 28 1699
17 13 907
18 49 1552
40 4 785
26 19 1571
19 17 1697
28 3 2187
18 26 960
39 40 397
9 8 2363
49 13 1556
19 29 322
22 41 1528
34 35 384
13 36 1731
9 41 1041
33 0 81
46 0 49
10 29 484
2 15 1830
27 37 2024
29 47 1949
21 35 929
31 7 1084
45 13 0
15 35 1373
25 16 1093
42 46 2038
28 6 2395
28 20 1532
47 39 2400
33 21 584
0 30 1437
23 28 711
49 35 940
7 35 452
43 46 1502
29 25 593
36 7 631
29 2 1020
31 29 1973
34 13 171
45 15 1628
2 9 1567
10 7 1920
9 29 1548
9 34 1932
11 34 1892
48 7 514
38 3 2156
49 11 474
43 34 266
46 30 1483
49 17 780
6 27 477
43 37 1284
43 4 1190
1 45 1349
28 39 860
30 24 1889
32 30 1494
38 41 865
24 39 857
42 28 1321
42 48 1111
45 22 919
37 46 751
14 41 116
28 37 1708
29 32 972
14 9 2253
45 28 186
3 26 2117
8 28 996
28 16 667
8 22 595
36 0 1296
44 8 1247
8 49 296
43 47 2246
22 0 328
44 7 2251
48 5 61
20 1 1205
36 33 2056
17 31 602
12 3 2248
12 11 1899
9 10 1018
25 13 268
48 4 380
24 42 786
6 8 202
13 15 660
47 42 221
44 47 475
41 2 758
46 5 1081
20 22 1472
11 2 407
40 1 2436
2 27 1685
34 27 2261
17 10 542
5 36 2270
41 49 462
43 49 610
8 13 36
3 35 2405
40 15 691
30 42 633
30 16 1773
47 9 1687
28 36 1387
28 13 2180
5 3 2283
23 40 1999
24 40 726
27 14 1208
34 14 1262
18 38 1499
39 19 1989
33 24 1847
18 41 797
20 31 35
38 46 134
18 10 1089
2 23 1043
29 11 1919
28 12 2290
0 31 243
33 34 2161
24 7 1761
2 46 1221
7 4 1468
2 13 1423
35 44 2419
26 35 2134
22 1 183
35 25 970
38 26 269
5 22 2357
27 49 1319
13 6 931
9 43 554
42 20 2151
21 4 1780
45 26 2306
31 10 2051
46 6 676
43 26 1933
3 18 2008
28 1 2131
41 20 981
21 47 1213
42 0 897
22 7 339
13 35 661
34 41 11
36 11 255
25 44 1872
23 16 815
2 0 73
2 24 2345
13 29 2230
32 28 1745
7 21 236
7 28 321
29 21 712
8 40 2324
26 36 177
32 34 685
44 43 372
4 14 1646
16 31 608
27 9 877
12 40 1589
5 24 181
23 35 808
35 37 374
24 12 2069
34 29 574
11 42 567
49 10 717
17 0 1581
34 47 2332
38 11 219
20 6 835
6 37 1309
45 11 26
9 49 292
42 43 1327
34 22 447
48 18 1357
18 42 496
24 19 654
39 48 1765
15 36 724
25 9 1271
17 2 1867
15 18 1641
44 17 962
3 36 2200
0 49 126
1 13 945
13 46 9
27 16 291
35 5 621
44 32 2267
28 21 67
10 38 1170
30 9 1338
30 11 659
16 24 2379
4 29 2203
37 47 551
13 39 2000
23 44 305
4 15 1498
48 0 2106
39 35 926
6 42 1302
36 43 1410
9 44 1217
6 9 1117
1 34 1435
39 42 1704
22 14 1363
0 44 2189
23 45 1876
12 38 1927
9 20 1087
33 44 1233
16 5 445
48 21 526
42 15 700
24 43 1396
36 46 1649
19 18 83
34 16 1409
20 11 1970
33 20 2243
25 7 1417
41 48 1464
3 21 1400
37 1 647
5 32 502
45 34 560
45 39 518
13 22 1592
41 46 72
23 24 1066
40 44 1185
18 44 1444
1 2 1343
19 31 427
1 6 402
18 1 1822
26 40 924
25 20 742
31 37 1823
11 10 468
0 15 2420
39 31 2123
40 3 686
40 16 1385
39 32 1610
18 6 1840
14 23 77
24 49 2256
23 6 14
20 13 1808
5 11 375
36 37 688
3 15 48
47 2 1586
37 2 1854
32 20 1750
27 32 224
36 30 2227
19 28 2391
49 44 1692
24 36 1660
27 36 1622
48 25 729
35 12 168
42 32 234
47 41 164
4 16 824
31 36 1209
8 21 1384
0 18 1706
32 9 2328
14 31 636
45 48 2155
24 27 693
48 12 420
11 13 770
17 21 481
12 17 1341
31 1 512
0 3 1991
0 16 108
36 20 1995
34 26 2186
48 19 180
24 9 1497
45 4 1458
6 31 1799
19 45 503
5 12 543
2 20 91
32 16 1537
25 26 1107
27 7 1591
43 14 1776
37 17 2035
45 10 485
32 48 2126
44 36 713
7 8 716
31 49 839
42 21 2334
38 25 2442
38 39 231
47 35 1905
11 21 965
44 24 469
11 46 1634
19 40 916
12 13 2165
47 20 2302
32 12 892
21 0 2112
7 30 1849
24 4 189
16 18 887
10 32 2278
35 4 1436
18 21 1144
7 34 69
30 13 357
2 39 539
1 5 1424
0 20 1578
37 38 783
1 17 1430
24 11 999
4 23 1882
45 27 710
23 49 1433
41 17 222
42 22 522
26 33 1688
35 32 1924
4 36 1347
3 4 405
17 3 547
49 39 821
25 30 1374
5 25 21
10 30 1326
33 9 1201
37 26 1359
0 37 1861
30 44 1716
47 15 578
8 30 1752
29 46 1133
4 44 1426
25 47 2307
30 4 921
49 7 1835
7 14 2435
16 17 151
18 46 1147
40 32 2269
23 37 223
41 24 597
44 26 973
21 20 805
26 8 2083
39 46 1711
18 14 885
48 22 968
42 19 2062
49 19 1559
3 46 842
10 34 971
43 21 789
44 45 46
19 7 1755
12 26 1482
3 47 838
13 7 1176
14 5 2294
14 47 1236
46 49 366
26 6 1104
41 39 2133
40 21 1470
17 33 120
48 1 2426
33 14 2160
10 8 1172
21 44 203
48 38 1439
39 6 989
5 23 128
41 44 1272
23 15 853
48 29 1386
26 22 2291
18 30 2195
16 8 344
39 36 99
19 37 883
10 12 1980
14 29 1938
42 27 2337
13 27 1126
8 2 1662
43 16 582
3 23 1569
6 36 205
40 46 1638
32 43 702
12 16 852
46 26 2239
35 0 495
24 1 2050
33 30 2299
42 26 2184
27 39 150
46 8 1561
38 0 1925
28 47 1671
21 13 749
46 19 995
32 18 115
41 25 2097
21 46 107
25 46 2114
29 26 585
49 15 2183
42 5 1696
45 20 1106
13 48 1505
4 17 1276
31 32 953
40 5 480
47 12 135
32 15 1180
9 7 19
23 34 1909
6 38 614
10 4 98
40 43 364
36 8 2057
41 7 299
0 41 109
49 12 663
19 25 1621
27 15 353
11 28 309
36 32 418
47 5 1673
14 45 23
44 42 273
39 25 1675
22 32 987
48 28 1595
36 17 1829
32 7 1425
12 19 1173
21 49 1598
10 48 891
22 36 1118
23 13 1645
27 40 195
48 6 1637
15 24 1466
29 43 1566
43 27 395
47 30 16
9 38 878
44 28 267
16 3 993
17 30 201
17 8 1790
9 39 82
7 38 1388
42 3 2089
20 30 2040
14 8 1090
47 19 442
20 8 1650
46 47 2410
45 33 25
34 6 760
22 24 1940
23 18 1676
39 34 1061
42 16 1506
17 15 1037
25 23 1460
9 13 804
44 5 788
41 36 105
48 8 1157
30 37 310
1 41 347
23 8 1580
32 38 1088
6 14 613
34 20 1145
4 28 2013
31 12 709
30 23 1479
32 23 750
43 38 1904
24 26 1778
7 5 2152
3 25 2254
4 2 1264
43 2 698
45 41 675
5 39 1358
40 2 1314
22 11 2352
32 2 501
43 17 182
8 31 830
12 9 2358
36 25 1982
39 11 2449
0 40 1698
21 19 349
5 26 394
0 9 138
40 13 65
46 14 1918
38 42 1418
34 0 96
32 26 1067
20 10 2373
26 14 1489
36 48 561
1 47 2313
8 19 682
28 2 341
10 35 1168
7 1 569
29 37 925
1 30 1113
4 26 256
33 27 1547
41 27 781
17 39 1834
17 27 488
23 36 196
30 19 932
24 25 494
7 6 1216
13 0 1174
49 45 318
5 33 2166
10 41 528
26 23 1404
41 21 1310
40 28 1722
48 14 798
31 33 2408
12 2 1044
14 42 937
48 23 876
6 10 1915
25 31 1278
39 0 2027
2 16 132
44 6 401
21 26 590
45 18 1224
3 41 2148
18 13 880
37 41 1492
16 1 1196
31 21 17
31 45 1227
20 44 1632
18 17 1564
23 43 1725
47 38 771
33 29 2093
47 40 819
36 38 1027
22 10 175
13 24 2372
1 38 317
41 32 1095
44 14 74
41 29 641
22 46 332
5 19 1658
17 45 1058
43 35 1228
5 45 88
31 13 1620
5 8 2054
35 9 1633
40 22 1884
44 19 1448
39 12 1879
38 22 1590
15 7 795
8 47 681
44 46 2104
33 15 425
17 6 351
8 38 787
25 28 2234
13 44 76
30 12 2316
35 42 1782
25 32 1130
22 37 383
19 41 2225
37 49 4
2 48 611
24 28 1793
1 4 1679
44 39 2204
2 18 843
11 18 521
39 4 1463
28 31 1734
38 16 2335
25 22 272
20 43 302
43 15 902
31 4 1447
3 30 1669
20 24 652
15 6 637
9 16 169
26 49 2202
25 43 1292
10 40 1244
27 35 868
34 2 1777
22 2 1971
37 48 911
35 31 2282
11 35 2033
9 19 2236
36 35 330
1 26 2323
28 43 764
47 49 230
29 27 1672
37 39 1465
11 40 411
41 26 2292
37 20 546
5 34 1451
29 44 490
19 0 472
18 29 220
8 25 1837
36 45 977
16 35 718
4 47 1743
33 38 1346
49 42 836
39 29 144
0 32 448
33 8 95
34 40 386
8 32 421
46 1 1155
42 8 428
15 46 2003
13 32 1183
18 39 537
38 40 1966
7 43 1091
25 27 2432
8 24 1063
47 31 198
47 24 572
2 3 200
37 9 1667
7 33 1689
17 24 2022
24 31 260
5 4 2065
8 34 1715
18 22 1153
4 25 1073
39 43 1148
11 19 2162
22 21 1033
12 44 509
13 38 1871
40 7 869
6 47 1325
23 47 278
22 30 2374
40 36 1280
32 24 1862
4 22 306
30 29 1576
13 5 1079
0 6 403
29 8 1337
1 35 816
11 23 737
7 17 1283
13 14 1142
4 6 812
9 15 519
10 36 778
11 4 419
30 34 580
17 32 252
18 7 2319
20 7 422
37 40 2177
28 22 1921
3 7 874
24 18 1967
19 34 264
10 21 1146
36 1 40
2 33 2145
35 20 967
29 16 1398
4 49 1308
14 12 1237
5 30 506
18 9 1809
19 33 2048
6 35 1232
28 33 1651
10 43 2429
30 49 1865
44 31 1839
4 34 172
31 22 157
23 27 1821
2 36 1457
45 12 966
28 29 950
14 32 2061
39 22 1072
29 24 2221
46 28 34
27 8 2111
11 25 1599
30 31 1057
1 9 2404
30 48 1034
5 6 1648
11 15 238
39 14 793
15 8 141
35 38 2063
20 18 337
21 12 293
18 4 2098
19 32 1054
14 0 535
11 7 1219
43 41 2375
31 23 1383
26 11 1554
26 31 2365
38 31 2416
18 28 218
3 33 912
14 3 1438
11 14 1812
47 7 207
46 4 178
25 6 978
40 18 2064
20 17 1730
40 41 762
35 40 1629
3 48 1523
24 46 2094
17 47 1656
22 3 822
46 34 1428
45 37 1869
49 33 1085
39 15 946
22 43 2060
45 0 529
39 30 311
14 15 2100
37 14 2341
49 1 864
22 35 162
30 2 854
47 27 594
6 2 1644
34 18 684
39 20 283
33 16 2425
37 42 2383
29 23 901
14 35 414
48 9 1963
13 19 281
22 49 2208
18 43 2390
6 12 1192
10 19 2257
45 42 740
37 32 409
38 30 552
37 11 1670
34 3 1194
12 34 2431
22 12 2154
14 40 1619
26 16 2232
38 19 1640
23 46 363
6 40 530
24 35 2312
15 41 1159
3 9 1677
20 26 612
0 29 1035
0 4 2006
19 2 50
44 2 961
38 17 2044
43 11 765
6 32 1841
28 27 1322
42 10 2088
35 48 2127
33 11 270
42 23 2143
11 44 1814
31 40 70
38 20 1100
30 6 2046
37 16 463
3 43 2201
3 49 148
23 7 1055
9 28 725
15 21 1344
0 5 1050
28 35 129
34 37 1510
16 13 1853
